181.84
181.84
181.84
181.84
181.84
181.84
181.84
183.20
183.20
183.20
183.20
183.20
183.20
184.57
184.57
185.94
185.94
185.94
187.30
187.30
188.67
188.67
188.67
190.04
190.04
190.04
191.41
191.41
191.41
191.41
192.77
192.77
192.77
191.41
191.41
191.41
191.41
190.04
190.04
190.04
188.67
188.67
188.67
190.04
190.04
190.04
191.41
191.41
191.41
191.41
192.77
192.77
192.77
192.77
192.77
192.77
192.77
192.77
192.77
192.77
192.77
192.77
194.14
195.51
196.88
198.24
199.61
200.98
202.34
203.71
205.08
206.45
206.45
206.45
206.45
206.45
207.81
207.81
207.81
207.81
207.81
207.81
207.81
207.81
207.81
207.81
207.81
207.81
207.81
207.81
207.81
207.81
207.81
207.81
207.81
207.81
207.81
206.45
206.45
206.45
206.45
206.45
206.45
206.45
206.45
206.45
207.81
207.81
207.81
207.81
207.81
207.81
207.81
207.81
206.45
206.45
206.45
206.45
206.45
205.08
205.08
205.08
205.08
205.08
203.71
203.71
203.71
203.71
203.71
202.34
202.34
202.34
202.34
202.34
202.34
202.34
202.34
202.34
202.34
202.34
202.34
202.34
202.34
202.34
202.34
202.34
202.34
200.98
200.98
200.98
200.98
200.98
200.98
200.98
202.34
202.34
202.34
202.34
202.34
203.71
203.71
203.71
203.71
203.71
203.71
203.71
205.08
205.08
205.08
205.08
205.08
205.08
205.08
205.08
206.45
206.45
206.45
206.45
206.45
207.81
207.81
207.81
207.81
207.81
207.81
207.81
207.81
206.45
206.45
206.45
206.45
206.45
206.45
206.45
206.45
206.45
206.45
206.45
206.45
206.45
206.45
206.45
206.45
206.45
206.45
206.45
207.81
207.81
207.81
207.81
207.81
207.81
207.81
207.81
207.81
207.81
207.81
207.81
207.81
207.81
207.81
207.81
207.81
207.81
206.45
206.45
206.45
206.45
206.45
205.08
205.08
205.08
205.08
206.45
206.45
207.81
207.81
207.81
209.18
209.18
210.55
210.55
210.55
210.55
210.55
210.55
210.55
210.55
210.55
210.55
210.55
210.55
210.55
209.18
209.18
209.18
209.18
207.81
207.81
207.81
206.45
206.45
206.45
206.45
206.45
206.45
206.45
206.45
206.45
206.45
206.45
206.45
206.45
206.45
205.08
205.08
205.08
205.08
205.08
203.71
203.71
203.71
203.71
203.71
203.71
203.71
203.71
202.34
202.34
202.34
202.34
202.34
202.34
202.34
202.34
202.34
203.71
203.71
203.71
203.71
203.71
203.71
203.71
203.71
203.71
203.71
203.71
203.71
203.71
203.71
203.71
203.71
203.71
203.71
202.34
202.34
202.34
202.34
202.34
200.98
200.98
200.98
200.98
200.98
200.98
200.98
200.98
200.98
200.98
200.98
200.98
200.98
200.98
200.98
200.98
200.98
202.34
202.34
202.34
202.34
202.34
202.34
202.34
200.98
200.98
200.98
200.98
199.61
199.61
199.61
198.24
198.24
198.24
198.24
198.24
198.24
198.24
198.24
198.24
198.24
198.24
198.24
198.24
198.24
196.88
196.88
196.88
196.88
196.88
195.51
195.51
195.51
195.51
195.51
194.14
194.14
194.14
194.14
194.14
192.77
192.77
192.77
192.77
192.77
192.77
192.77
192.77
191.41
191.41
191.41
191.41
191.41
191.41
191.41
191.41
191.41
191.41
191.41
191.41
191.41
191.41
191.41
191.41
190.04
190.04
190.04
190.04
188.67
188.67
188.67
187.30
187.30
187.30
187.30
187.30
187.30
187.30
187.30
187.30
187.30
187.30
187.30
187.30
187.30
187.30
187.30
188.67
188.67
188.67
188.67
188.67
188.67
188.67
188.67
188.67
188.67
188.67
187.30
187.30
187.30
187.30
187.30
187.30
185.94
185.94
185.94
185.94
184.57
184.57
184.57
184.57
185.94
187.30
187.30
188.67
190.04
191.41
192.77
192.77
195.51
196.88
196.88
198.24
198.24
199.61
200.98
200.98
202.34
202.34
203.71
203.71
203.71
203.71
203.71
203.71
202.34
202.34
202.34
202.34
202.34
202.34
203.71
203.71
203.71
205.08
205.08
205.08
205.08
206.45
206.45
207.81
207.81
209.18
209.18
210.55
210.55
211.91
211.91
213.28
213.28
213.28
213.28
214.65
214.65
214.65
214.65
214.65
216.02
216.02
216.02
217.38
217.38
218.75
218.75
220.12
221.48
221.48
222.85
222.85
224.22
224.22
224.22
225.59
225.59
225.59
225.59
225.59
226.95
226.95
226.95
226.95
228.32
228.32
228.32
229.69
229.69
229.69
229.69
231.05
231.05
231.05
232.42
232.42
232.42
233.79
233.79
233.79
233.79
235.16
235.16
235.16
235.16
235.16
235.16
236.52
236.52
236.52
236.52
236.52
236.52
236.52
235.16
235.16
235.16
235.16
233.79
233.79
233.79
232.42
232.42
232.42
232.42
231.05
231.05
231.05
231.05
231.05
229.69
229.69
229.69
229.69
229.69
228.32
228.32
228.32
228.32
228.32
226.95
226.95
226.95
226.95
226.95
225.59
225.59
225.59
225.59
225.59
224.22
224.22
224.22
224.22
222.85
222.85
222.85
222.85
221.48
221.48
221.48
220.12
220.12
220.12
220.12
221.48
221.48
221.48
221.48
221.48
222.85
222.85
222.85
222.85
221.48
221.48
221.48
221.48
220.12
220.12
220.12
218.75
218.75
218.75
218.75
217.38
217.38
217.38
217.38
217.38
216.02
216.02
216.02
216.02
216.02
216.02
216.02
217.38
217.38
217.38
217.38
217.38
217.38
217.38
217.38
217.38
217.38
217.38
216.02
216.02
216.02
216.02
216.02
216.02
216.02
216.02
216.02
216.02
216.02
216.02
216.02
216.02
216.02
216.02
216.02
216.02
216.02
216.02
214.65
214.65
214.65
214.65
214.65
213.28
211.91
210.55
209.18
209.18
207.81
206.45
205.08
203.71
202.34
203.71
203.71
205.08
205.08
206.45
207.81
207.81
209.18
209.18
210.55
210.55
210.55
210.55
210.55
210.55
210.55
210.55
210.55
210.55
210.55
210.55
211.91
211.91
213.28
213.28
213.28
214.65
214.65
216.02
216.02
216.02
216.02
217.38
217.38
217.38
217.38
217.38
218.75
218.75
218.75
218.75
218.75
217.38
217.38
217.38
217.38
217.38
216.02
216.02
216.02
216.02
214.65
214.65
213.28
213.28
213.28
211.91
211.91
210.55
210.55
210.55
210.55
210.55
210.55
210.55
209.18
209.18
209.18
209.18
209.18
209.18
209.18
210.55
210.55
210.55
210.55
210.55
211.91
211.91
211.91
211.91
211.91
211.91
211.91
213.28
213.28
213.28
213.28
213.28
213.28
213.28
213.28
211.91
211.91
211.91
211.91
211.91
210.55
210.55
210.55
210.55
209.18
209.18
209.18
209.18
207.81
207.81
207.81
206.45
206.45
206.45
206.45
206.45
206.45
207.81
207.81
207.81
207.81
207.81
207.81
207.81
209.18
209.18
209.18
210.55
210.55
210.55
210.55
211.91
211.91
211.91
211.91
211.91
211.91
211.91
210.55
210.55
210.55
210.55
210.55
210.55
210.55
209.18
209.18
209.18
209.18
209.18
207.81
207.81
207.81
207.81
207.81
206.45
206.45
206.45
206.45
206.45
205.08
205.08
205.08
205.08
205.08
205.08
205.08
206.45
206.45
206.45
206.45
206.45
206.45
206.45
206.45
206.45
206.45
207.81
207.81
207.81
207.81
207.81
207.81
207.81
206.45
206.45
206.45
206.45
205.08
205.08
205.08
203.71
203.71
203.71
203.71
203.71
203.71
205.08
205.08
205.08
205.08
205.08
205.08
205.08
205.08
205.08
206.45
206.45
206.45
5.00
15.00
25.00
35.00
45.00
55.00
65.00
75.00
85.00
95.00
105.00
115.00
125.00
135.00
145.00
155.00
165.00
175.00
185.00
195.00
205.00
215.00
225.00
235.00
245.00
255.00
265.00
275.00
285.00
295.00
305.00
315.00
325.00
335.00
345.00
355.00
365.00
375.00
385.00
395.00
405.00
415.00
425.00
435.00
445.00
455.00
465.00
475.00
485.00
495.00
505.00
515.00
525.00
535.00
545.00
555.00
565.00
575.00
585.00
595.00
605.00
615.00
625.00
635.00
645.00
655.00
665.00
675.00
685.00
695.00
705.00
715.00
725.00
735.00
745.00
755.00
765.00
775.00
785.00
795.00
805.00
815.00
825.00
835.00
845.00
855.00
865.00
875.00
885.00
895.00
905.00
915.00
925.00
935.00
945.00
955.00
965.00
975.00
985.00
995.00
1005.00
1015.00
1025.00
1035.00
1045.00
1055.00
1065.00
1075.00
1085.00
1095.00
1105.00
1115.00
1125.00
1135.00
1145.00
1155.00
1165.00
1175.00
1185.00
1195.00
1205.00
1215.00
1225.00
1235.00
1245.00
1255.00
1265.00
1275.00
1285.00
1295.00
1305.00
1315.00
1325.00
1335.00
1345.00
1355.00
1365.00
1375.00
1385.00
1395.00
1405.00
1415.00
1425.00
1435.00
1445.00
1455.00
1465.00
1475.00
1485.00
1495.00
1505.00
1515.00
1525.00
1535.00
1545.00
1555.00
1565.00
1575.00
1585.00
1595.00
1605.00
1615.00
1625.00
1635.00
1645.00
1655.00
1665.00
1675.00
1685.00
1695.00
1705.00
1715.00
1725.00
1735.00
1745.00
1755.00
1765.00
1775.00
1785.00
1795.00
1805.00
1815.00
1825.00
1835.00
1845.00
1855.00
1865.00
1875.00
1885.00
1895.00
1905.00
1915.00
1925.00
1935.00
1945.00
1955.00
1965.00
1975.00
1985.00
1995.00
2005.00
2015.00
2025.00
2035.00
2045.00
2055.00
2065.00
2075.00
2085.00
2095.00
2105.00
2115.00
2125.00
2135.00
2145.00
2155.00
2165.00
2175.00
2185.00
2195.00
2205.00
2215.00
2225.00
2235.00
2245.00
2255.00
2265.00
2275.00
2285.00
2295.00
2305.00
2315.00
2325.00
2335.00
2345.00
2355.00
2365.00
2375.00
2385.00
2395.00
2405.00
2415.00
2425.00
2435.00
2445.00
2455.00
2465.00
2475.00
2485.00
2495.00
2505.00
2515.00
2525.00
2535.00
2545.00
2555.00
2565.00
2575.00
2585.00
2595.00
2605.00
2615.00
2625.00
2635.00
2645.00
2655.00
2665.00
2675.00
2685.00
2695.00
2705.00
2715.00
2725.00
2735.00
2745.00
2755.00
2765.00
2775.00
2785.00
2795.00
2805.00
2815.00
2825.00
2835.00
2845.00
2855.00
2865.00
2875.00
2885.00
2895.00
2905.00
2915.00
2925.00
2935.00
2945.00
2955.00
2965.00
2975.00
2985.00
2995.00
3005.00
3015.00
3025.00
3035.00
3045.00
3055.00
3065.00
3075.00
3085.00
3095.00
3105.00
3115.00
3125.00
3135.00
3145.00
3155.00
3165.00
3175.00
3185.00
3195.00
3205.00
3215.00
3225.00
3235.00
3245.00
3255.00
3265.00
3275.00
3285.00
3295.00
3305.00
3315.00
3325.00
3335.00
3345.00
3355.00
3365.00
3375.00
3385.00
3395.00
3405.00
3415.00
3425.00
3435.00
3445.00
3455.00
3465.00
3475.00
3485.00
3495.00
3505.00
3515.00
3525.00
3535.00
3545.00
3555.00
3565.00
3575.00
3585.00
3595.00
3605.00
3615.00
3625.00
3635.00
3645.00
3655.00
3665.00
3675.00
3685.00
3695.00
3705.00
3715.00
3725.00
3735.00
3745.00
3755.00
3765.00
3775.00
3785.00
3795.00
3805.00
3815.00
3825.00
3835.00
3845.00
3855.00
3865.00
3875.00
3885.00
3895.00
3905.00
3915.00
3925.00
3935.00
3945.00
3955.00
3965.00
3975.00
3985.00
3995.00
4005.00
4015.00
4025.00
4035.00
4045.00
4055.00
4065.00
4075.00
4085.00
4095.00
4105.00
4115.00
4125.00
4135.00
4145.00
4155.00
4165.00
4175.00
4185.00
4195.00
4205.00
4215.00
4225.00
4235.00
4245.00
4255.00
4265.00
4275.00
4285.00
4295.00
4305.00
4315.00
4325.00
4335.00
4345.00
4355.00
4365.00
4375.00
4385.00
4395.00
4405.00
4415.00
4425.00
4435.00
4445.00
4455.00
4465.00
4475.00
